# name: debug
# type: sparse matrix
# nnz: 9
# rows: 3
# columns: 3

1 1 0.01
2 1 0.01
3 1 0.01
1 2 0.01
2 2 0.01
3 2 0.01
1 3 0.01
2 3 0.01
3 3 0.01
